Dependency of the running time on ε (FIGURE 4.14 in Thesis)
algorithm,n,epsilon,minPoints,time(ms)
1,10000,0.5,4,1421
1,10000,1.0,4,1392
1,10000,2.0,4,1253
1,10000,4.0,4,1244
1,10000,6.0,4,1135
1,10000,8.0,4,1245

2,100000,0.5,4,428
2,100000,1.0,4,331
2,100000,2.0,4,292
2,100000,4.0,4,874
2,100000,6.0,4,1927
2,100000,8.0,4,2667

3,100000,0.5,4,904
3,100000,1.0,4,428
3,100000,2.0,4,418
3,100000,4.0,4,95
3,100000,6.0,4,92
3,100000,8.0,4,62

Dependency of the running time on minPts (FIGURE 4.19 in Thesis)
algorithm,n,epsilon,minPoints,time(ms)
1,10000,2.0,1,1572
1,10000,2.0,2,1884
1,10000,2.0,4,1431
1,10000,2.0,8,1424
1,10000,2.0,16,1473
1,10000,2.0,32,1308

2,100000,2.0,1,338
2,100000,2.0,2,341
2,100000,2.0,4,231
2,100000,2.0,8,253
2,100000,2.0,16,377
2,100000,2.0,32,672

3,100000,2.0,1,183
3,100000,2.0,2,332
3,100000,2.0,4,372
3,100000,2.0,8,288
3,100000,2.0,16,353
3,100000,2.0,32,308

Dependency of the running time on n (FIGURE 4.8(a,b) in Thesis)
algorithm,n,epsilon,minPoints,time(ms),time/(nlog(n)
1,100,2.0,4,0,0.0
1,500,2.0,4,5,0.0016091119249400248
1,1000,2.0,4,19,0.0027505317187205953
1,2000,2.0,4,75,0.004933624684648196
1,5000,2.0,4,436,0.010238114604219795
1,10000,2.0,4,2118,0.022995892816777184
1,20000,2.0,4,8438,0.042601154165328156

2,100,2.0,4,1,0.002171472409516259
2,500,2.0,4,1,3.2182238498800495E-4
2,1000,2.0,4,2,2.895296546021679E-4
2,2000,2.0,4,4,2.6312664984790376E-4
2,5000,2.0,4,11,2.5830105652848107E-4
2,10000,2.0,4,20,2.171472409516259E-4
2,20000,2.0,4,51,2.574850512481318E-4
2,100000,2.0,4,260,2.2583313058969093E-4
2,250000,2.0,4,819,2.6357253330517607E-4
2,500000,2.0,4,1913,2.9156333275971225E-4
2,1000000,2.0,4,3226,2.3350566643664841E-4

3,100,2.0,4,0,0.0
3,500,2.0,4,0,0.0
3,1000,2.0,4,1,1.4476482730108395E-4
3,2000,2.0,4,3,1.973449873859278E-4
3,5000,2.0,4,8,1.8785531383889534E-4
3,10000,2.0,4,22,2.388619650467885E-4
3,20000,2.0,4,42,2.1204651279257912E-4
3,100000,2.0,4,224,1.945639278926568E-4
3,250000,2.0,4,549,1.7668048935841473E-4
3,500000,2.0,4,1534,2.3379934785854606E-4
3,1000000,2.0,4,2926,2.1179094234148583E-4